43081733	43072770	0	0
43084223	43112494	0	0
43084223	43112493	0	0
43084140	43072813	0	0
43084140	43075008	0	0
43084140	43072817	0	0
43077207	43069687	0	0
43083885	43070843	0	0
43083877	43070631	0	0
43117459	43061324	0	0
43081481	43073377	0	0
43081481	43074456	0	0
43081481	43074459	0	0
43081481	43074462	0	0
43081481	43074519	0	0
43081481	43080691	0	0
43081481	43068034	0	0
43081481	43068042	0	0
43081481	43068045	0	0
43081481	43067244	0	0
43081481	43073146	0	0
43081481	43073149	0	0
43081481	43068011	0	0
43081481	43068014	0	0
43081481	43068022	0	0
43081481	43068025	0	0
43081481	43073581	0	0
43081481	43067750	0	0
43081481	43073129	0	0
43081481	43073140	0	0
43081481	43073143	0	0
43081481	43073086	0	0
43081481	43073089	0	0
43081481	43067999	0	0
43081481	43068002	0	0
43081481	43074400	0	0
43081481	43073578	0	0
43081481	43073286	0	0
43081481	43073295	0	0
43081481	43074394	0	0
43081481	43073037	0	0
43081481	43073040	0	0
43081481	43057242	0	0
43081481	43065211	0	0
43081481	43069648	0	0
43081481	43073014	0	0
43081481	43073026	0	0
43081481	43073029	0	0
43081481	43119907	0	0
43081481	43122947	0	0
43081481	43074855	0	0
43081481	43067035	0	0
43081481	43068191	0	0
43081481	43057282	0	0
43081481	43080720	0	0
43081481	43080723	0	0
43081481	43080726	0	0
43081481	43080729	0	0
43081481	43122907	0	0
43081481	43119904	0	0
43081481	43119884	0	0
43081481	43080694	0	0
43081481	43080697	0	0
43081481	43080700	0	0
43081481	43080706	0	0
43081481	43080714	0	0
43081481	43120176	0	0
43081481	43120179	0	0
43081481	43120185	0	0
43081481	43120193	0	0
43081481	43120196	0	0
43081481	43120202	0	0
43081481	43122672	0	0
43081481	43122675	0	0
43081481	43120142	0	0
43081481	43120150	0	0
43081481	43120156	0	0
43081481	43120162	0	0
43081481	43120116	0	0
43081481	43120122	0	0
43081481	43120130	0	0
43081481	43120216	0	0
43081481	43120222	0	0
43081481	43120239	0	0
43081481	43120070	0	0
43081481	43120076	0	0
43081481	43120082	0	0
43081481	43120090	0	0
43081481	43120096	0	0
43081481	43120110	0	0
43081481	43119996	0	0
43081481	43120007	0	0
43081481	43120010	0	0
43081481	43120016	0	0
43081481	43120030	0	0
43081481	43120033	0	0
43081481	43073395	0	0
43081481	43073398	0	0
43081481	43074454	0	0
43081481	43074457	0	0
43081481	43074471	0	0
43081481	43073435	0	0
43081481	43073012	0	0
43081481	43073015	0	0
43081481	43073018	0	0
43081481	43073035	0	0
43081481	43058268	0	0
43081481	43059842	0	0
43081481	43074790	0	0
43081481	43073997	0	0
43081481	43068120	0	0
43081481	43057237	0	0
43081481	43069646	0	0
43081481	43069649	0	0
43081481	43068017	0	0
43081481	43068020	0	0
43081481	43068023	0	0
43081481	43068026	0	0
43081481	43068043	0	0
43081481	43068049	0	0
43081481	43073121	0	0
43081481	43073124	0	0
43081481	43073144	0	0
43081481	43073147	0	0
43081481	43068006	0	0
43081481	43071638	0	0
43081481	43073579	0	0
43081481	43073848	0	0
43081481	43067751	0	0
43081481	43068913	0	0
43081481	43073118	0	0
43081481	43073095	0	0
43081481	43073101	0	0
43081481	43067994	0	0
43081481	43067997	0	0
43081481	43068003	0	0
43081481	43073576	0	0
43081481	43121751	0	0
43081481	43074395	0	0
43081481	43073038	0	0
43081481	43073041	0	0
43081481	43073092	0	0
43081481	43080721	0	0
43081481	43080724	0	0
43081481	43124642	0	0
43081481	43119899	0	0
43081481	43119902	0	0
43081481	43119962	0	0
43081481	43080692	0	0
43081481	43080695	0	0
43081481	43080698	0	0
43081481	43080712	0	0
43081481	43080715	0	0
43081481	43080718	0	0
43081481	43120174	0	0
43081481	43120191	0	0
43081481	43120194	0	0
43081481	43120200	0	0
43081481	43120208	0	0
43081481	43119879	0	0
43081481	43120134	0	0
43081481	43120148	0	0
43081481	43120154	0	0
43081481	43120160	0	0
43081481	43120168	0	0
43081481	43120171	0	0
43081481	43120254	0	0
43081481	43120260	0	0
43081481	43120263	0	0
43081481	43122673	0	0
43081481	43123892	0	0
43081481	43124608	0	0
43081481	43120220	0	0
43081481	43120228	0	0
43081481	43120231	0	0
43081481	43120237	0	0
43081481	43120243	0	0
43081481	43120251	0	0
43081481	43120094	0	0
43081481	43120105	0	0
43081481	43120111	0	0
43081481	43120114	0	0
43081481	43120128	0	0
43081481	43120214	0	0
43081481	43120028	0	0
43081481	43120042	0	0
43081481	43120048	0	0
43081481	43120054	0	0
43081481	43120068	0	0
43081481	43120074	0	0
43081481	43074466	0	0
43081481	43064448	0	0
43081481	43120008	0	0
43081481	43120014	0	0
43081481	43120022	0	0
43081481	43120025	0	0
43081481	43057255	0	0
43081481	43073010	0	0
43081481	43073016	0	0
43081481	43073033	0	0
43081481	43073036	0	0
43081481	43068021	0	0
43081481	43068024	0	0
43081481	43068035	0	0
43081481	43068038	0	0
43081481	43068041	0	0
43081481	43068044	0	0
43081481	43073122	0	0
43081481	43073139	0	0
43081481	43073150	0	0
43081481	43073153	0	0
43081481	43068015	0	0
43081481	43068018	0	0
43081481	43068001	0	0
43081481	43074401	0	0
43081481	43074404	0	0
43081481	43067749	0	0
43081481	43068914	0	0
43081481	43062539	0	0
43081481	43068161	0	0
43081481	43073039	0	0
43081481	43073090	0	0
43081481	43073096	0	0
43081481	43067998	0	0
43081481	43119960	0	0
43081481	43119963	0	0
43081481	43119966	0	0
43081481	43057295	0	0
43081481	43068107	0	0
43081481	43074859	0	0
43081481	43080710	0	0
43081481	43080713	0	0
43081481	43080716	0	0
43081481	43080719	0	0
43081481	43119903	0	0
43081481	43119943	0	0
43081481	43120189	0	0
43081481	43120206	0	0
43081481	43080693	0	0
43081481	43080696	0	0
43081481	43080704	0	0
43081481	43080707	0	0
43081481	43120146	0	0
43081481	43120152	0	0
43081481	43120155	0	0
43081481	43120163	0	0
43081481	43120169	0	0
43081481	43120183	0	0
43081481	43120232	0	0
43081481	43120235	0	0
43081481	43120249	0	0
43081481	43120258	0	0
43081481	43120132	0	0
43081481	43120140	0	0
43081481	43120109	0	0
43081481	43120120	0	0
43081481	43120126	0	0
43081481	43120212	0	0
43081481	43120226	0	0
43081481	43120229	0	0
43081481	43120049	0	0
43081481	43120060	0	0
43081481	43120080	0	0
43081481	43120086	0	0
43081481	43120092	0	0
43081481	43120103	0	0
43081481	43119994	0	0
43081481	43119997	0	0
43081481	43120003	0	0
43081481	43120020	0	0
43081481	43120037	0	0
43081481	43120046	0	0
43081481	43074464	0	0
43081481	43074470	0	0
43081481	43070093	0	0
43081481	43121743	0	0
43081481	43121755	0	0
43081481	43123564	0	0
43081481	43073028	0	0
43081481	43073031	0	0
43081481	43073034	0	0
43081481	43073348	0	0
43081481	43074453	0	0
43081481	43074461	0	0
43081481	43068036	0	0
43081481	43068039	0	0
43081481	43074797	0	0
43081481	43075152	0	0
43081481	43059108	0	0
43081481	43069650	0	0
43081481	43073128	0	0
43081481	43073137	0	0
43081481	43073154	0	0
43081481	43068010	0	0
43081481	43068016	0	0
43081481	43068027	0	0
43081481	43067996	0	0
43081481	43068004	0	0
43081481	43074405	0	0
43081481	43068236	0	0
43081481	43073575	0	0
43081481	43073117	0	0
43081481	43073085	0	0
43081481	43073088	0	0
43081481	43073094	0	0
43081481	43073097	0	0
43081481	43073108	0	0
43081481	43067993	0	0
43081481	43120187	0	0
43081481	43120198	0	0
43081481	43120204	0	0
43081481	43057293	0	0
43081481	43065428	0	0
43081481	43073297	0	0
43081481	43120264	0	0
43081481	43122674	0	0
43081481	43120144	0	0
43081481	43120158	0	0
43081481	43120178	0	0
43081481	43120181	0	0
43081481	43120224	0	0
43081481	43120227	0	0
43081481	43120241	0	0
43081481	43120244	0	0
43081481	43120247	0	0
43081481	43120253	0	0
43081481	43120098	0	0
43081481	43120101	0	0
43081481	43120107	0	0
43081481	43120124	0	0
43081481	43120210	0	0
43081481	43120218	0	0
43081481	43120044	0	0
43081481	43120052	0	0
43081481	43120058	0	0
43081481	43120064	0	0
43081481	43120078	0	0
43081481	43120084	0	0
43081481	43120001	0	0
43081481	43120012	0	0
43081481	43120018	0	0
43081481	43120024	0	0
43081481	43120032	0	0
43081481	43120035	0	0
43081481	43122923	0	0
43081481	43119909	0	0
43081481	43119921	0	0
43081481	43119949	0	0
43081481	43121744	0	0
43081481	43121747	0	0
43081481	43080699	0	0
43081481	43080702	0	0
43081481	43080705	0	0
43081481	43080708	0	0
43081481	43080711	0	0
43081481	43080725	0	0
43084292	43074390	0	0
43084292	43074392	0	0
43084320	43089584	0	0
43084320	43088911	0	0
43084320	43084880	0	0
43084320	43088146	0	0
43084320	43089305	0	0
43084332	43074726	0	0
43084332	43074727	0	0
43084332	43074725	0	0
43081850	43119284	0	0
43081870	43062097	0	0
19090000	43082559	0	0
797399	43066526	0	0
19100760	43092450	0	0
19100760	43066052	0	0
19100760	43066049	0	0
19100760	43080295	0	0
19100760	43083375	0	0
19122137	43072673	0	0
19122137	43072672	0	0
1713332	43056090	0	0
1713332	43079788	0	0
1713332	43063524	0	0
1713332	43120480	0	0
1713332	43056682	0	0
1713332	19129191	0	0
939259	43077602	0	0
939259	43063997	0	0
939259	43072066	0	0
939259	43120942	0	0
939259	43082144	0	0
939259	43542245	0	0
939259	43064891	0	0
939259	43080819	0	0
939259	43541908	0	0
939259	43068484	0	0
19035631	43124234	0	0
19035631	43068521	0	0
19035631	43124235	0	0
915392	43061634	0	0
19071128	43121863	0	0
19016435	43078709	0	0
19016435	43082650	0	0
19016435	43120597	0	0
19009405	43124303	0	0
19009405	43535148	0	0
19009405	43535150	0	0
19009405	43122705	0	0
19009405	43118615	0	0
19009405	43058520	0	0
19009405	43074423	0	0
19009405	43074981	0	0
19009405	43074992	0	0
19009405	43074294	0	0
19009405	43065586	0	0
19009405	43535309	0	0
19009405	43124304	0	0
19009405	43122704	0	0
19009405	43535212	0	0
19009405	43535272	0	0
19009405	43535152	0	0
19009405	43535155	0	0
19009405	43535244	0	0
19009405	43074904	0	0
19009405	43075319	0	0
19009405	43074355	0	0
19009405	43075263	0	0
19009405	43075512	0	0
19009405	43074951	0	0
19009405	43074974	0	0
19009405	43075031	0	0
19009405	43075134	0	0
1589505	43078858	0	0
1589505	43066345	0	0
19123877	43078737	0	0
1115572	43069802	0	0
1115572	43079334	0	0
1115572	43083338	0	0
1115572	43080089	0	0
1115572	43119667	0	0
1115572	43062821	0	0
1115572	43083283	0	0
1115572	43080200	0	0
1115572	43064997	0	0
1115572	43061711	0	0
952538	43066397	0	0
952538	43062490	0	0
952538	43061052	0	0
952538	43079154	0	0
952538	43062409	0	0
19072130	43062969	0	0
1380068	43080857	0	0
1380068	43078641	0	0
1380068	43080301	0	0
1380068	43083378	0	0
1380068	43078640	0	0
1380068	43068647	0	0
1380068	43061265	0	0
19011091	43075082	0	0
981709	43542174	0	0
933952	43061831	0	0
19012565	43125476	0	0
977968	43123870	0	0
977968	43120958	0	0
1387104	43065528	0	0
929504	43067936	0	0
950637	43125365	0	0
950637	43075510	0	0
950637	43074321	0	0
950637	43073888	0	0
950637	43074320	0	0
911064	43077960	0	0
911064	43092450	0	0
911064	43121337	0	0
911064	43063653	0	0
911064	43065937	0	0
911064	43060818	0	0
911064	43070616	0	0
911064	43074643	0	0
911064	43063706	0	0
911064	43073756	0	0
911064	43075095	0	0
42899323	43118680	0	0
42899323	43123531	0	0
711714	43074869	0	0
917006	43066487	0	0
917006	43066594	0	0
917006	43080398	0	0
917006	43063029	0	0
917006	43079430	0	0
1777806	43541972	0	0
19046654	43064307	0	0
19046654	43083168	0	0
19046654	43079857	0	0
905233	43067618	0	0
905233	43542111	0	0
905233	43542110	0	0
19027181	43535218	0	0
1154332	43064239	0	0
1389036	43061589	0	0
1305447	43078765	0	0
976545	43063341	0	0
976545	43065918	0	0
715727	43080738	0	0
1113648	43064106	0	0
1549786	43066404	0	0
1549786	43080298	0	0
1549786	43080341	0	0
1549786	43066243	0	0
1549786	43066246	0	0
1549786	43072060	0	0
1549786	43079410	0	0
1549786	43065982	0	0
1549786	43066297	0	0
1549786	43066345	0	0
1112921	43065780	0	0
1112921	43063687	0	0
1112921	43079633	0	0
1112921	43062885	0	0
1112921	43125340	0	0
955372	43062969	0	0
955372	43118680	0	0
955372	43123531	0	0
1588712	43061163	0	0
1588712	43064655	0	0
1588712	43078598	0	0
1588712	43075217	0	0
1588712	43075216	0	0
1588712	43066248	0	0
1588712	43082592	0	0
1361711	43061109	0	0
1361711	43061607	0	0
1361711	43542215	0	0
19020002	43079594	0	0
19078399	43063767	0	0
19078399	43079655	0	0
1343039	43069008	0	0
1343039	43069080	0	0
1343039	43074912	0	0
1343039	43074958	0	0
1563600	43078360	0	0
1563600	43535241	0	0
1563600	43082478	0	0
1563600	43078359	0	0
1563600	43060712	0	0
1550023	43070686	0	0
1550023	43070467	0	0
1550023	43066929	0	0
1135766	43068450	0	0
1135766	43083297	0	0
1135766	43083116	0	0
1135766	43064931	0	0
703244	43075175	0	0
703244	43075174	0	0
703244	43075176	0	0
703244	43075173	0	0
1388796	43082416	0	0
1746940	43119640	0	0
1746940	43062880	0	0
1746940	43079319	0	0
1552929	43061814	0	0
965748	43074917	0	0
759740	43074777	0	0
19092061	43068548	0	0
19092061	43080836	0	0
715939	43070745	0	0
19040563	43078249	0	0
1340128	43075458	0	0
992956	43077911	0	0
19011028	43082591	0	0
19054915	43063609	0	0
19016670	43062462	0	0
19016670	43064955	0	0
1567198	43070454	0	0
1567198	43070456	0	0
1567198	43067330	0	0
1512674	43072060	0	0
735979	43061867	0	0
735979	43068620	0	0
735979	43068619	0	0
19024636	43535526	0	0
19024636	43079643	0	0
19024636	43063735	0	0
19024636	43083059	0	0
1159811	43080398	0	0
1159811	43066594	0	0
19018419	43061904	0	0
19018419	43078928	0	0
1707687	43124962	0	0
19000815	43069594	0	0
19009949	43079504	0	0
19009949	43063243	0	0
928980	43061251	0	0
928980	43059637	0	0
1185922	43074096	0	0
1185922	43074095	0	0
1154029	43123948	0	0
1154029	43123951	0	0
1154029	43074748	0	0
1154029	43074027	0	0
1154029	43123950	0	0
1154029	43074026	0	0
1154029	43125289	0	0
1154029	43123949	0	0
1154029	43074025	0	0
993631	43099918	0	0
978555	43072434	0	0
19066774	43067747	0	0
19059707	43063105	0	0
959196	43074611	0	0
959196	43069999	0	0
1114375	1114379	0	0
1163944	43064239	0	0
961145	43067483	0	0
961145	43072432	0	0
961145	43105613	0	0
733008	43079269	0	0
19009877	43061220	0	0
19082306	43067747	0	0
1351541	40240348	0	0
1709170	43125445	0	0
1709170	43536051	0	0
918881	43080798	0	0
744798	43075525	0	0
985247	43077911	0	0
985247	43078212	0	0
19111620	43066043	0	0
19111620	43059926	0	0
19111620	43060069	0	0
1776684	43125010	0	0
1776684	43122943	0	0
1776684	43123689	0	0
955632	43075255	0	0
1180412	43067197	0	0
1149380	43083201	0	0
1149380	43065769	0	0
1149380	40169238	0	0
1149380	43079931	0	0
1149380	43123428	0	0
1149380	43080216	0	0
987245	43118876	0	0
19034726	43074731	0	0
1201620	43067807	0	0
1201620	43080273	0	0
1201620	43119826	0	0
1201620	43075484	0	0
1201620	43077797	0	0
1201620	43063270	0	0
1201620	43080666	0	0
1201620	43056445	0	0
1201620	43078322	0	0
1201620	43075368	0	0
1201620	43063540	0	0
1201620	43063105	0	0
1201620	43074497	0	0
732893	43119467	0	0
732893	43056988	0	0
1152134	43062093	0	0
1152134	43062092	0	0
929887	19129191	0	0
948582	43061907	0	0
19097405	43536033	0	0
19097405	43060915	0	0
1500211	43057874	0	0
753626	43057678	0	0
19000537	43067747	0	0
1146810	43062577	0	0
42899134	43066232	0	0
19014878	43078225	0	0
1115008	43068648	0	0
1115008	43064231	0	0
1115008	43074870	0	0
1115008	43062074	0	0
43076408	43085421	0	0
43076754	43062114	0	0
43081901	43072026	0	0
43081901	43068554	0	0
43081901	43066683	0	0
43081901	43072025	0	0
43081901	43071638	0	0
43081901	43066213	0	0
43084142	43072809	0	0
43084168	43073084	0	0
43084108	43078363	0	0
43084108	43060720	0	0
43084065	43072586	0	0
43084065	43072585	0	0
43083965	43121749	0	0
43125825	43060522	0	0
43076342	43060326	0	0
43075649	43118744	0	0
43075649	43074007	0	0
43075649	43122714	0	0
43075649	43082570	0	0
43075649	43077738	0	0
43084294	43074407	0	0
43084317	43074594	0	0
43084317	43074593	0	0
43084354	43075155	0	0
43083721	43069501	0	0
43083721	43069503	0	0
43076903	43079504	0	0
43076903	43063243	0	0
1183554	43119008	0	0
1183554	43082618	0	0
734275	43074580	0	0
1790812	43075040	0	0
1790812	43065182	0	0
1790812	43078340	0	0
1790812	43065004	0	0
1790812	43057587	0	0
1790812	43059081	0	0
1790812	43060661	0	0
1790812	43074609	0	0
1790812	43120746	0	0
902616	43061239	0	0
19095043	43062194	0	0
19044727	43068805	0	0
902722	43075437	0	0
1346823	43075532	0	0
1346823	43122593	0	0
1584910	43067243	0	0
1584910	43067283	0	0
1584910	1585151	0	0
1584910	43083484	0	0
1584910	43082399	0	0
1584910	43074882	0	0
1584910	43067284	0	0
1584910	19129408	0	0
1584910	1585229	0	0
1584910	1585175	0	0
1584910	43080551	0	0
1584910	43082240	0	0
1584910	43074881	0	0
1584910	43079409	0	0
1584910	43075041	0	0
1584910	43068344	0	0
1584910	1585231	0	0
1584910	43080781	0	0
1584910	43083489	0	0
1584910	43059430	0	0
1584910	1585181	0	0
40226579	43075114	0	0
19036781	43120726	0	0
19023184	43080431	0	0
940183	43060500	0	0
19095309	43060708	0	0
19095309	43063830	0	0
19095309	43066342	0	0
1391248	43072242	0	0
1000632	43080270	0	0
1000632	43061226	0	0
1000632	43065935	0	0
1000632	43060764	0	0
1000632	43069147	0	0
19025274	43099640	0	0
19025274	43090320	0	0
19025274	43101036	0	0
19025274	43096522	0	0
19025274	43090322	0	0
19025274	43096385	0	0
19025274	43096727	0	0
19025274	43086631	0	0
19025274	43071626	0	0
19025274	43094996	0	0
19025274	43099352	0	0
19025274	43096521	0	0
19025274	43092141	0	0
19025274	43090321	0	0
19025274	43096386	0	0
19025274	43094991	0	0
19025274	43101986	0	0
19025274	43095657	0	0
19025274	43090324	0	0
19025274	43096381	0	0
19025274	43096384	0	0
1103640	43119035	0	0
1110410	43082271	0	0
1110410	43083221	0	0
1110410	43079969	0	0
1110410	43064589	0	0
1110410	43077901	0	0
908464	43099919	0	0
908464	43099910	0	0
908464	43073667	0	0
1307046	43535210	0	0
1507558	43062793	0	0
1124957	43073546	0	0
1124957	43073545	0	0
1124957	43073923	0	0
1124957	43073922	0	0
742267	43074847	0	0
742267	43075350	0	0
19024140	43064776	0	0
19098415	43062046	0	0
1511646	43123315	0	0
1511646	43123314	0	0
1511646	43123316	0	0
1140643	43125625	0	0
1140643	1140706	0	0
1140643	43068819	0	0
1140643	43075497	0	0
1140643	43075496	0	0
19030692	43118931	0	0
19055378	43083381	0	0
19055378	43080322	0	0
40171826	43074225	0	0
1728416	43063218	0	0
1728416	43066164	0	0
1728416	43080231	0	0
1728416	43079495	0	0
1728416	43083348	0	0
529112	529080	0	0
1741008	43099918	0	0
1741008	43099919	0	0
1741008	43064061	0	0
1741008	43099910	0	0
1352213	43069292	0	0
1352213	43069194	0	0
19069149	43067747	0	0
1353776	43080135	0	0
1353776	43065392	0	0
1366279	43061128	0	0
1366279	43078585	0	0
19004724	43067747	0	0
915391	43080296	0	0
915391	43066052	0	0
915391	43066049	0	0
915391	43080295	0	0
915391	43083375	0	0
915391	43089584	0	0
915391	43088911	0	0
915391	43084880	0	0
915391	43088146	0	0
915391	43089305	0	0
1583722	43075284	0	0
1154343	43065780	0	0
1154343	43069472	0	0
1154343	43079166	0	0
1154343	43082976	0	0
1154343	43125340	0	0
1154343	43079418	0	0
1381504	43079981	0	0
1381504	43083227	0	0
1381504	43080100	0	0
1381504	43064733	0	0
1381504	43065094	0	0
714785	43075286	0	0
991876	43075463	0	0
19033280	43079503	0	0
19033280	43059650	0	0
952045	43082843	0	0
1125315	43067807	0	0
1125315	43080273	0	0
1125315	43082059	0	0
1125315	43119411	0	0
1125315	43075484	0	0
1125315	43064931	0	0
1125315	43075522	0	0
1125315	43074497	0	0
1125315	43120597	0	0
1125315	43080666	0	0
1125315	43083116	0	0
1125315	43069227	0	0
1125315	43082650	0	0
1125315	43083297	0	0
1125315	43078322	0	0
1125315	43075368	0	0
1125315	43063540	0	0
1125315	43078078	0	0
1125315	43061008	0	0
1125315	43065513	0	0
1125315	43074018	0	0
1125315	43077398	0	0
1125315	43075309	0	0
1125315	43069822	0	0
1125315	43068450	0	0
1125315	43078709	0	0
922570	43125027	0	0
922570	43125503	0	0
922570	43078792	0	0
922570	43125504	0	0
922570	43066207	0	0
922570	43061698	0	0
19009705	43064544	0	0
19009705	43079948	0	0
1714319	43124264	0	0
19008374	43125682	0	0
19029215	43061220	0	0
713823	43067933	0	0
713823	43067627	0	0
40239995	43075202	0	0
40239995	43075191	0	0
1715117	43074550	0	0
19016463	43079791	0	0
19016463	43064145	0	0
1750500	43070243	0	0
1750500	43070242	0	0
1750500	43070241	0	0
1750500	43124604	0	0
1750500	19129191	0	0
996625	43067936	0	0
1328165	43066973	0	0
19006410	43067747	0	0
789578	43535219	0	0
789578	43079791	0	0
789578	43064145	0	0
929549	43118931	0	0
19071236	43058877	0	0
702774	43061904	0	0
702774	43078928	0	0
702774	43069542	0	0
19007572	43067747	0	0
19082898	43080798	0	0
914335	43079801	0	0
710062	43079269	0	0
19044890	43063811	0	0
1551099	43074714	0	0
1551099	43074713	0	0
1551099	43074712	0	0
1552310	43067036	0	0
1552310	43067001	0	0
1506270	43071336	0	0
1506270	43071340	0	0
1114220	43073546	0	0
1114220	43073545	0	0
1114220	43073923	0	0
1114220	43073922	0	0
1150871	43068648	0	0
1150871	43079844	0	0
1150871	43062074	0	0
1150871	43064281	0	0
19011093	43535173	0	0
19077093	43070870	0	0
920458	43083002	0	0
920458	43064799	0	0
916662	43070300	0	0
916662	43067332	0	0
916662	43075128	0	0
19048700	43068095	0	0
19047698	43066982	0	0
1774470	43121314	0	0
1774470	43121313	0	0
1774470	43121304	0	0
19070174	43062714	0	0
929128	43079504	0	0
929128	43063243	0	0
929128	43064061	0	0
19066865	43074800	0	0
19066865	43074799	0	0
19052736	43067747	0	0
19026459	43075154	0	0
19026459	43075153	0	0
42898758	43066486	0	0
19088571	43067747	0	0
962398	43067747	0	0
1754994	43069147	0	0
939871	43066326	0	0
939871	43066323	0	0
1718054	43121667	0	0
938205	43083505	0	0
938205	43068326	0	0
950370	43079579	0	0
1395573	43123893	0	0
1395573	43123494	0	0
1395573	43124378	0	0
1517070	43070509	0	0
1517070	43071717	0	0
1517070	43121205	0	0
1517070	43069787	0	0
1517070	43070510	0	0
1152631	43125093	0	0
1152631	43060656	0	0
1152631	43535919	0	0
1152631	43082469	0	0
19101604	43063706	0	0
902427	43542174	0	0
902427	43073819	0	0
902427	43066522	0	0
718583	43075028	0	0
718583	43064471	0	0
718583	43073401	0	0
718583	43079910	0	0
1308738	43066982	0	0
1308738	43074733	0	0
908730	43078212	0	0
19127890	40221414	0	0
766529	43075471	0	0
1394337	43060658	0	0
940864	43063672	0	0
19058092	43066447	0	0
19007721	43065700	0	0
785788	43074436	0	0
785788	43074411	0	0
740275	43124486	0	0
19019620	43541964	0	0
1119510	43079479	0	0
1792515	43078345	0	0
713196	43066077	0	0
786426	43073878	0	0
786426	43070569	0	0
786426	43070572	0	0
786426	43073879	0	0
786426	43070573	0	0
1595799	43066043	0	0
19110701	43064093	0	0
1177480	43083370	0	0
1177480	43121535	0	0
1177480	43075309	0	0
1177480	43070546	0	0
1177480	43064758	0	0
1177480	43082084	0	0
1177480	43073179	0	0
1177480	43068553	0	0
1177480	43124236	0	0
1177480	43073178	0	0
1177480	43077454	0	0
1545958	43075535	0	0
1545958	43075533	0	0
915981	43060951	0	0
915981	43064165	0	0
915981	43125504	0	0
915981	43083002	0	0
915981	43125503	0	0
929698	43060818	0	0
956874	43078474	0	0
19022417	43063129	0	0
19022417	43063128	0	0
19022417	43063941	0	0
19022417	43083096	0	0
19022417	43079718	0	0
1103314	43074018	0	0
1705674	43062033	0	0
961047	43121944	0	0
936748	43069078	0	0
967823	43542258	0	0
967823	43106035	0	0
967823	43082394	0	0
967823	43066447	0	0
967823	43536218	0	0
967823	43066232	0	0
967823	43121261	0	0
967823	43079519	0	0
967823	43075389	0	0
967823	43063294	0	0
967823	43070047	0	0
967823	43112205	0	0
967823	43100629	0	0
975125	43061220	0	0
975125	43061226	0	0
975125	43067102	0	0
975125	43063275	0	0
975125	43061239	0	0
975125	43125380	0	0
975125	43124896	0	0
975125	43060574	0	0
975125	43063577	0	0
975125	43066170	0	0
974166	43070625	0	0
1503983	43080831	0	0
1503983	43068528	0	0
1133201	43065437	0	0
1133201	43065590	0	0
1133201	43067551	0	0
19014202	43123149	0	0
19014202	43071490	0	0
1717327	43079797	0	0
1717327	43058282	0	0
989878	43124163	0	0
989878	43071336	0	0
989878	43064429	0	0
989878	43061372	0	0
989878	43124580	0	0
989878	43120309	0	0
989878	43121321	0	0
989878	43120746	0	0
989878	43069382	0	0
989878	43071340	0	0
989878	43066239	0	0
989878	43082639	0	0
989878	43061371	0	0
989878	43067397	0	0
989878	43057587	0	0
989878	43065604	0	0
989878	43063483	0	0
1703069	43535173	0	0
19026739	43112203	0	0
43081717	43065402	0	0
43081717	43070817	0	0
43081720	43121754	0	0
43081720	43121753	0	0
43081720	43058553	0	0
43081073	43078840	0	0
43081073	43061674	0	0
43084608	43085421	0	0
43081451	43067747	0	0
43081411	43067171	0	0
43084276	43074123	0	0
43084282	43074297	0	0
43081302	43066313	0	0
43081837	43122233	0	0
43081837	43082754	0	0
43081837	43122234	0	0
43083835	43070306	0	0
43083835	43070305	0	0
43081863	43068095	0	0
19030059	43078212	0	0
19030059	43063801	0	0
1133993	43078224	0	0
1332418	43074842	0	0
1332418	43071685	0	0
1332418	43075457	0	0
1329241	43123360	0	0
19095744	43059926	0	0
19095744	43060069	0	0
952004	43074545	0	0
952004	43074546	0	0
952004	43536076	0	0
40236897	43074675	0	0
40241331	43535205	0	0
40241331	43535203	0	0
19052489	43067747	0	0
19015123	43059331	0	0
19015123	43077801	0	0
791967	43075472	0	0
19057607	43075455	0	0
1396131	43074800	0	0
1396131	43074799	0	0
1396131	43075462	0	0
906780	43056432	0	0
906780	43061552	0	0
906780	43078777	0	0
1189596	43082059	0	0
1189596	43069822	0	0
1189596	43061008	0	0
1189596	43077398	0	0
1189596	43075522	0	0
19065450	43062039	0	0
1503501	43066922	0	0
1503501	43068734	0	0
1503501	43066924	0	0
1503501	43066923	0	0
19011001	43080661	0	0
19011001	43067785	0	0
1110942	43075116	0	0
19041220	43124826	0	0
19041220	43082947	0	0
40240664	43074511	0	0
40240664	43074513	0	0
930916	43079801	0	0
708298	43068958	0	0
708298	43074975	0	0
19009458	43060483	0	0
907553	43066438	0	0
1516766	43542183	0	0
19100438	43079658	0	0
19025422	43066879	0	0
966282	43062086	0	0
19111235	43080296	0	0
19111235	43066052	0	0
19111235	43066049	0	0
19111235	43080295	0	0
19111235	43083375	0	0
19111235	43089584	0	0
19111235	43088911	0	0
19111235	43084880	0	0
19111235	43088146	0	0
19111235	43089305	0	0
1742253	43125515	0	0
1742253	43542139	0	0
729855	43075017	0	0
729855	43072623	0	0
729855	43070605	0	0
729855	43074194	0	0
1316354	43079101	0	0
705103	43123976	0	0
705103	43074933	0	0
705103	43123723	0	0
1521369	43065474	0	0
1521369	43066404	0	0
1521369	43065969	0	0
1521369	43065576	0	0
1521369	43077968	0	0
1521369	43066297	0	0
1521369	43059659	0	0
1521369	43065008	0	0
1521369	43080341	0	0
1521369	43059779	0	0
1521369	43066835	0	0
977949	43077960	0	0
977949	43063653	0	0
977949	43061738	0	0
977949	43063706	0	0
701322	43065958	0	0
701322	43073109	0	0
919681	43061125	0	0
919681	43064751	0	0
1714527	43062194	0	0
1778162	43082434	0	0
1153664	43078078	0	0
1836430	43062033	0	0
19006186	43067747	0	0
19008339	43118615	0	0
19008339	43062067	0	0
19008339	43078992	0	0
19069137	43068962	0	0
19069137	43068916	0	0
19069137	43068915	0	0
1373225	43072644	0	0
1373225	43072643	0	0
1373225	43072434	0	0
1373225	43072642	0	0
19044394	43078642	0	0
19044394	43061267	0	0
725822	43064710	0	0
1560524	43068421	0	0
1304850	43065397	0	0
1304850	1304915	0	0
1383925	43068287	0	0
1383925	43059559	0	0
964407	43075255	0	0
964407	43063744	0	0
964407	43066397	0	0
964407	43064061	0	0
964407	43083505	0	0
964407	43068326	0	0
938044	43073819	0	0
1000995	43085421	0	0
1000995	43060818	0	0
1000995	43064799	0	0
1000995	43075095	0	0
1377141	43075276	0	0
1129625	43079479	0	0
1129625	43065513	0	0
1129625	43065988	0	0
1129625	43063540	0	0
19055217	43108116	0	0
19055217	43069031	0	0
19055217	43112844	0	0
19055217	43066541	0	0
19055217	43122561	0	0
907879	43062918	0	0
1326115	43060608	0	0
1326115	43078863	0	0
1337107	43073488	0	0
1337107	43073490	0	0
19017742	43074270	0	0
968426	43082044	0	0
968426	43072697	0	0
968426	43075394	0	0
989957	43080798	0	0
1301152	43074982	0	0
19119253	43062179	0	0
19119253	43073802	0	0
1341927	43065251	0	0
1341927	43082450	0	0
1341927	43083303	0	0
1341927	43080122	0	0
19000753	43060842	0	0
19000753	43078433	0	0
1518254	43056982	0	0
990069	43122410	0	0
990069	43082442	0	0
990069	43060572	0	0
990069	43122412	0	0
990069	43122326	0	0
990069	43060574	0	0
901845	43060771	0	0
901845	43078397	0	0
901845	43067503	0	0
901845	43065297	0	0
901845	43065293	0	0
901845	43078396	0	0
901845	43060772	0	0
19046939	43079788	0	0
19046939	43063524	0	0
19046939	43062464	0	0
19089810	43061125	0	0
19005147	43069246	0	0
19003570	43068533	0	0
945286	43082743	0	0
945286	43118078	0	0
19037891	43064429	0	0
19037891	43067175	0	0
1708748	1708750	0	0
19050832	43075460	0	0
19050832	43075459	0	0
529114	529080	0	0
19087394	43073162	0	0
1151789	43535237	0	0
1151789	43071419	0	0
1151789	1151885	0	0
19067073	43071626	0	0
1345205	43060608	0	0
904453	43541971	0	0
904453	43074870	0	0
943852	43060656	0	0
19010792	43065982	0	0
19035704	43074951	0	0
19035704	43066647	0	0
19035704	43075319	0	0
19035704	43061814	0	0
19035704	43065586	0	0
19035704	43535309	0	0
19035704	43074423	0	0
19035704	43074294	0	0
1521592	43063213	0	0
19124906	43123770	0	0
19041065	43075231	0	0
19041065	43075230	0	0
951469	43075086	0	0
951469	43075089	0	0
951469	43075088	0	0
951469	43073667	0	0
941052	43073125	0	0
941052	43073103	0	0
19024191	43067599	0	0
19045290	43122631	0	0
19045290	43060636	0	0
19045290	43121556	0	0
19045290	43079632	0	0
1780601	43063530	0	0
1780601	43079823	0	0
1780601	43119856	0	0
1780601	43089179	0	0
1780601	43536068	0	0
1780601	43064207	0	0
1780601	43078954	0	0
19136187	43062136	0	0
19136187	43066524	0	0
1521987	43075513	0	0
948515	43057854	0	0
948515	43068701	0	0
945913	43085421	0	0
949459	43063609	0	0
1334456	43541774	0	0
1334456	43075488	0	0
1334456	43074918	0	0
1334456	43065392	0	0
1334456	43080135	0	0
1334456	43072847	0	0
1334456	43065985	0	0
19013789	43080648	0	0
19013789	43083535	0	0
1560278	43062798	0	0
19056694	43060900	0	0
19056694	43078468	0	0
1379969	43059560	0	0
1379969	43080627	0	0
1379969	43067669	0	0
1379969	43075337	0	0
1379969	43067523	0	0
1379969	43078639	0	0
1379969	43083525	0	0
1379969	43083362	0	0
1379969	43067524	0	0
1379969	43061264	0	0
1379969	43067278	0	0
1836948	43542032	0	0
1836948	43079048	0	0
1836948	43062445	0	0
1836948	43062194	0	0
1550557	43067578	0	0
1550557	43125529	0	0
1636780	43067790	0	0
1636780	43062794	0	0
1636780	43083469	0	0
1636780	43071956	0	0
42898663	43089584	0	0
42898663	43088911	0	0
42898663	43084880	0	0
42898663	43088146	0	0
42898663	43089305	0	0
19124477	43082643	0	0
19124477	43063971	0	0
19124477	43061386	0	0
19124477	43119548	0	0
19124477	43059700	0	0
19124477	43061382	0	0
19124477	43082644	0	0
19124477	43079730	0	0
1703687	43124566	0	0
1703687	43057632	0	0
1703687	43119678	0	0
1703687	43120823	0	0
43084650	43070542	0	0
43084650	43070541	0	0
43084650	43061321	0	0
43117282	43065761	0	0
43076844	43064038	0	0
43084218	43073796	0	0
43084224	43073841	0	0
43084264	43074066	0	0
43083972	43071914	0	0
43534954	43535173	0	0
43076804	43067643	0	0
43081450	43067747	0	0
43083906	43121741	0	0
43083906	43074388	0	0
43117125	43068754	0	0
43117125	43083618	0	0
43117125	43080878	0	0
43081851	43071896	0	0
43077059	43063704	0	0
43076635	43079020	0	0
43076581	43086452	0	0
19008999	43078736	0	0
19024213	43080582	0	0
19024213	43121117	0	0
19024213	43119769	0	0
19024213	43535517	0	0
19024213	43077596	0	0
19024213	43063899	0	0
19024213	43067411	0	0
19024213	43535524	0	0
1308473	43069109	0	0
1308473	43069118	0	0
1308473	43077965	0	0
1308473	43059771	0	0
1308473	43069120	0	0
1308473	43069108	0	0
1308473	43069111	0	0
1308473	43066426	0	0
1308473	43069119	0	0
1308473	43077549	0	0
1308473	43069110	0	0
1316262	43075207	0	0
19046291	43078916	0	0
19046291	43061877	0	0
787787	42708470	0	0
916460	43060900	0	0
916460	43079589	0	0
916460	43067332	0	0
916460	43078180	0	0
916460	43062306	0	0
1367500	43073900	0	0
596876	19129539	0	0
596876	43067577	0	0
596876	43536143	0	0
596876	43068352	0	0
596876	43065486	0	0
596876	43068062	0	0
19089408	43067643	0	0
1517824	43068909	0	0
1517824	43074510	0	0
1517824	43073084	0	0
19011773	43068548	0	0
19011773	43080836	0	0
19011773	43066229	0	0
19011773	43083297	0	0
837027	43069689	0	0
936429	43069527	0	0
939506	43099918	0	0
939506	43078212	0	0
939506	43061552	0	0
939506	43105613	0	0
939506	43078777	0	0
942028	43062646	0	0
741530	43535167	0	0
918172	43125032	0	0
918172	43083381	0	0
918172	43063577	0	0
918172	43125031	0	0
918172	43080322	0	0
901656	43536439	0	0
901656	43067197	0	0
901656	43064758	0	0
901656	43079479	0	0
901656	43071693	0	0
901656	43065988	0	0
901656	43063105	0	0
901656	43536425	0	0
901656	43083505	0	0
901656	43071692	0	0
1196677	43080819	0	0
1196677	43068310	0	0
1196677	43068484	0	0
1196677	43080766	0	0
1196677	43064891	0	0
1305058	43074963	0	0
1305058	43074965	0	0
1305058	43074967	0	0
19095729	43074839	0	0
1322184	43542169	0	0
1322184	43075094	0	0
1322184	43075448	0	0
958999	43062399	0	0
717136	43125110	0	0
19011355	43072555	0	0
1106776	43063913	0	0
1106776	43072333	0	0
19044883	43075489	0	0
1119119	19127196	0	0
1308842	43071685	0	0
40239330	43075288	0	0
1391642	43073892	0	0
905151	43060422	0	0
905151	43078209	0	0
19098548	43080531	0	0
1036228	43079024	0	0
19026609	43061913	0	0
19007748	43075109	0	0
19007748	43078340	0	0
19007748	43060661	0	0
19007748	43062306	0	0
950435	43099918	0	0
950435	43063341	0	0
950435	43061552	0	0
950435	43099919	0	0
950435	43078777	0	0
950435	43068544	0	0
950435	43099910	0	0
915175	43061907	0	0
998415	43125504	0	0
998415	43125503	0	0
932745	43061452	0	0
1338005	43074634	0	0
1740546	43060507	0	0
1301065	43059139	0	0
1301065	40177142	0	0
1301065	40177228	0	0
1301065	40177231	0	0
1301065	40177173	0	0
1301065	43069477	0	0
1301065	40177152	0	0
1301065	40177140	0	0
903963	43064751	0	0
19035577	43067747	0	0
1523280	43074335	0	0
19054936	43060854	0	0
19054936	43057579	0	0
19054936	43123584	0	0
19054936	43079797	0	0
19054936	43123583	0	0
19054936	43082515	0	0
1596977	19135264	0	0
19136184	43066524	0	0
1702364	43082819	0	0
1702364	43062464	0	0
1702364	43062220	0	0
997276	43061898	0	0
997276	43063801	0	0
740560	43535219	0	0
1548195	43065474	0	0
1548195	43065706	0	0
1548195	43065969	0	0
1548195	43065576	0	0
1548195	43077968	0	0
1548195	43067876	0	0
1548195	43078928	0	0
1548195	43063213	0	0
1548195	43065008	0	0
1548195	43083334	0	0
1548195	43066835	0	0
1548195	43079882	0	0
1548195	43059659	0	0
1548195	40221414	0	0
1548195	43083183	0	0
1548195	43061904	0	0
1548195	43078858	0	0
1548195	43083380	0	0
1548195	43059779	0	0
1548195	43080191	0	0
1503297	43072673	0	0
1503297	43072672	0	0
1153013	43080582	0	0
1153013	43067411	0	0
902251	43060500	0	0
902251	43061199	0	0
19008361	43072446	0	0
19008361	43066123	0	0
535714	43069662	0	0
535714	43079813	0	0
535714	43083151	0	0
1134439	43119411	0	0
1134439	43063540	0	0
1134439	43068421	0	0
1134439	43074497	0	0
1134439	43083116	0	0
1134439	43064931	0	0
19056874	43062325	0	0
917336	43060951	0	0
917336	43064061	0	0
19001311	43072318	0	0
19001311	43083321	0	0
19001311	43080751	0	0
19001311	43080788	0	0
19001311	43083562	0	0
19001311	43083579	0	0
19001311	43072319	0	0
19001311	43080159	0	0
19001311	43083296	0	0
19001311	43068274	0	0
19001311	43083128	0	0
19001311	43064113	0	0
19001311	43069225	0	0
19001311	43073535	0	0
19001311	43072316	0	0
19001311	43080810	0	0
19001311	43080112	0	0
19001311	43079774	0	0
19001311	43065762	0	0
19001311	43069074	0	0
19001311	43065559	0	0
19001311	43068365	0	0
19001311	43068434	0	0
19001311	43065153	0	0
19001311	43073534	0	0
19001311	43072317	0	0
19001311	43072320	0	0
705944	43075132	0	0
1711947	43122843	0	0
1711947	43122822	0	0
19078156	43061251	0	0
1367571	43071116	0	0
1367571	43063980	0	0
1367571	43125502	0	0
1367571	43079734	0	0
1367571	43066551	0	0
1367571	43063979	0	0
1367571	43125501	0	0
1367571	43071117	0	0
1367571	43057824	0	0
1237049	43082477	0	0
19005046	43062456	0	0
19005046	43121542	0	0
19005046	43121554	0	0
19005046	43121553	0	0
19005046	43074703	0	0
19137031	43082780	0	0
19137031	43067764	0	0
19137031	43074690	0	0
19137031	43082781	0	0
19137031	43062976	0	0
967861	43120348	0	0
1707164	43122614	0	0
1707164	43066207	0	0
1707164	43062630	0	0
1343916	43061128	0	0
1343916	43061371	0	0
1343916	43119467	0	0
1343916	43063483	0	0
1343916	43056988	0	0
1343916	43074045	0	0
1343916	43069542	0	0
1343916	43078585	0	0
908523	43063498	0	0
1354118	43542076	0	0
19086560	43535526	0	0
19086560	43079643	0	0
19086560	43083059	0	0
19086560	43063735	0	0
19016072	43066410	0	0
19059796	43074498	0	0
19059796	43075328	0	0
984801	43063270	0	0
984801	43070616	0	0
1531601	43070456	0	0
1531601	43067330	0	0
1301125	43069015	0	0
1301125	43063874	0	0
1301125	43069014	0	0
1301125	43069017	0	0
1301125	43071516	0	0
1301125	43071515	0	0
1301125	43079693	0	0
1301125	43069013	0	0
1301125	43072390	0	0
1301125	43071517	0	0
1301125	43071676	0	0
1301125	43069016	0	0
1301125	43083082	0	0
1301125	43067047	0	0
963742	43064165	0	0
1515417	43071422	0	0
1515417	43079373	0	0
19025925	43061738	0	0
19007422	43068330	0	0
19007422	43080777	0	0
1304643	43072280	0	0
1304643	43069289	0	0
1304643	1304768	0	0
1304643	19127380	0	0
1304643	43065378	0	0
1304643	1304767	0	0
1304643	43067739	0	0
1304643	43066159	0	0
1304643	1304792	0	0
1325608	1325611	0	0
1501700	43542235	0	0
1501700	43535279	0	0
1501700	43542234	0	0
1501700	43542236	0	0
1537655	43082787	0	0
19009540	43062462	0	0
19009540	43072686	0	0
19009540	43058081	0	0
927478	43067102	0	0
906914	43070220	0	0
906914	43067186	0	0
906914	43074803	0	0
906914	43536527	0	0
906914	43069045	0	0
906914	43065968	0	0
906914	43068544	0	0
906914	43061052	0	0
906914	43062409	0	0
40222444	43075332	0	0
40222115	43068595	0	0
40228152	43072710	0	0
1112807	43118727	0	0
1112807	43077797	0	0
1112807	43078709	0	0
1112807	43061552	0	0
1112807	43056432	0	0
1112807	43079266	0	0
1112807	43066647	0	0
1112807	43082902	0	0
1112807	43082650	0	0
1112807	43078777	0	0
1112807	43120597	0	0
1352890	43061199	0	0
1311799	43121189	0	0
1124300	43073074	0	0
1124300	43059637	0	0
1124300	43079844	0	0
1124300	43064281	0	0
1124300	43071377	0	0
998392	43099919	0	0
998392	43099910	0	0
19069022	43079005	0	0
19069022	43070981	0	0
19069022	43064374	0	0
19069022	43062098	0	0
19069022	43062432	0	0
1800835	43058282	0	0
976778	43080798	0	0
19054876	40221414	0	0
19128375	43061692	0	0
923645	43125474	0	0
923645	43074096	0	0
923645	43125473	0	0
923645	43074095	0	0
923645	43080795	0	0
923645	43124922	0	0
1522957	43083622	0	0
19049105	43061452	0	0
19049105	43079101	0	0
19049105	43078474	0	0
766814	43075351	0	0
766814	43075125	0	0
766814	43075473	0	0
19044522	43063971	0	0
19044522	43079730	0	0
529076	529080	0	0
529116	529080	0	0
19028106	43123930	0	0
19006586	43072274	0	0
1145379	43060768	0	0
1145379	43078393	0	0
941258	43078551	0	0
963353	43125110	0	0
963353	43075258	0	0
963353	43075032	0	0
963353	43125400	0	0
963353	43075470	0	0
19097684	43080298	0	0
19097684	43066243	0	0
19097684	43066246	0	0
19097684	43079410	0	0
1502905	43070475	0	0
1360332	43123893	0	0
1360332	43071332	0	0
1360332	43065009	0	0
1360332	43123494	0	0
1360332	43124378	0	0
1360332	43071280	0	0
1542948	43080791	0	0
1542948	43083493	0	0
1542948	43080558	0	0
1542948	43083444	0	0
1542948	43083555	0	0
1542948	43068247	0	0
1542948	43080740	0	0
1542948	43069894	0	0
1542948	43069934	0	0
1542948	43066909	0	0
1542948	43067305	0	0
1542948	43068376	0	0
1542948	43068573	0	0
1542948	43080460	0	0
1542948	43069932	0	0
19079204	43066229	0	0
19040060	43065706	0	0
19040060	43080191	0	0
19040060	43083334	0	0
925102	43078516	0	0
1786617	43070550	0	0
1338512	43120774	0	0
1139042	43067747	0	0
1139042	43123881	0	0
1139042	43060409	0	0
782211	43535219	0	0
